0.568362140600155
0.568362140600155
0.5661230809827643
0.5661230809827643
0.5672013824027359
0.5672013824027359
0.5709024011438529
0.5709024011438529
0.5717700094287784
0.5717700094287784
0.5723324273813604
0.5723324273813604
0.5739949411059044
0.5739949411059044
0.5699752186210256
0.5699752186210256
0.5686463528779236
0.5686463528779236
0.5762169541219618
0.5762169541219618
0.5737707647658287
0.5737707647658287
0.5687163227237038
0.5687163227237038
0.567052200462582
0.567052200462582
0.567842680774942
0.567842680774942
0.5715802971569464
0.5715802971569464
0.5783349919333572
0.5783349919333572
0.5675337138105897
0.5675337138105897
0.5752456946889521
0.5752456946889521
0.5671003328115577
0.5671003328115577
0.5721020573586413
0.5721020573586413
0.5712682884158936
0.5712682884158936